0.293958 0.020885 0.037604 0.071886 0.141474 0.064986 0.058097 0.125870 0.059671 0.006976 0.118593
0.330787 0.028917 0.050061 0.072332 0.123315 0.062952 0.056099 0.114169 0.058952 0.005640 0.096776
0.375413 0.028445 0.055683 0.072660 0.096563 0.067473 0.054926 0.091975 0.071449 0.005915 0.079498
0.298999 0.022142 0.111073 0.074210 0.062086 0.093956 0.060683 0.098694 0.111921 0.005485 0.060749
0.092343 0.017636 0.229077 0.064490 0.048865 0.128829 0.070291 0.135458 0.177669 0.002874 0.032470
0.037157 0.009464 0.167031 0.032920 0.027357 0.146896 0.083374 0.164411 0.304498 0.001960 0.024932
0.007285 0.004998 0.111215 0.013982 0.013626 0.170450 0.081007 0.146696 0.428015 0.001583 0.021145
0.004594 0.005182 0.089765 0.011124 0.009256 0.163853 0.068394 0.088383 0.537353 0.001883 0.020214
0.004034 0.005232 0.070446 0.008232 0.005941 0.156059 0.065127 0.076326 0.588541 0.001836 0.018227
0.003241 0.005372 0.042114 0.005446 0.003568 0.155741 0.056829 0.067614 0.642697 0.001762 0.015617
0.002990 0.005308 0.040120 0.004713 0.003358 0.166206 0.039824 0.062089 0.659596 0.001723 0.014072
0.002264 0.004493 0.051329 0.004671 0.002860 0.169946 0.028273 0.058046 0.663249 0.001675 0.013196
0.001901 0.003795 0.049334 0.004974 0.002195 0.167393 0.024778 0.058125 0.673263 0.001689 0.012554
0.001650 0.003864 0.032543 0.005513 0.001881 0.155529 0.019472 0.057348 0.708543 0.001765 0.011890
0.001545 0.004646 0.018906 0.005958 0.001873 0.142105 0.012648 0.056860 0.742413 0.002348 0.010698
0.001061 0.004633 0.021737 0.005238 0.001771 0.165661 0.008548 0.057923 0.718924 0.004202 0.010302
0.000829 0.004787 0.022724 0.004412 0.001649 0.190074 0.006796 0.055705 0.696491 0.005616 0.010917
0.000730 0.005181 0.021841 0.003633 0.001376 0.201354 0.004888 0.052235 0.691268 0.006596 0.010899
0.000731 0.005739 0.019143 0.002871 0.000927 0.193614 0.003057 0.049093 0.708160 0.007126 0.009539
0.000930 0.005893 0.014234 0.002770 0.000579 0.188591 0.001877 0.049108 0.721036 0.006750 0.008231
0.001326 0.005359 0.009957 0.003979 0.000587 0.220418 0.001959 0.051739 0.689212 0.006054 0.009410
0.001800 0.004746 0.007106 0.004920 0.000760 0.258892 0.002119 0.054500 0.648621 0.005631 0.010904
0.002288 0.004532 0.005166 0.005008 0.001052 0.284163 0.002080 0.057903 0.620567 0.005088 0.012152
0.002812 0.004671 0.003902 0.004024 0.001483 0.297917 0.001788 0.062817 0.603052 0.004598 0.012936
0.003287 0.004962 0.002968 0.002780 0.002003 0.323380 0.001339 0.066904 0.574655 0.004678 0.013044
0.003432 0.005657 0.002070 0.002979 0.002105 0.372233 0.000767 0.066487 0.524238 0.006509 0.013525
0.003306 0.007313 0.001368 0.002881 0.001993 0.405636 0.000344 0.066111 0.489129 0.008463 0.013456
0.003214 0.009135 0.000889 0.003071 0.001879 0.422501 0.000301 0.055323 0.479337 0.009921 0.014429
0.003083 0.011009 0.000417 0.002344 0.001853 0.426471 0.000196 0.043606 0.484995 0.011541 0.014486
0.002835 0.012879 0.000046 0.001017 0.001846 0.420724 0.000078 0.031916 0.501014 0.013472 0.014175
0.001878 0.014800 0.000064 0.000811 0.001862 0.425427 0.000043 0.021095 0.504699 0.013799 0.015521
0.001038 0.015460 0.000050 0.000094 0.001739 0.446293 0.000007 0.012678 0.494287 0.013655 0.014700
0.273797 0.022004 0.042423 0.069995 0.177593 0.062475 0.055652 0.119897 0.057096 0.006197 0.112871
0.296994 0.028032 0.053821 0.072323 0.168227 0.061156 0.054137 0.101968 0.058345 0.005962 0.099036
0.331353 0.025405 0.069050 0.076464 0.124936 0.072807 0.052394 0.083182 0.071907 0.006689 0.085811
0.289156 0.020496 0.124721 0.080893 0.072511 0.099224 0.053585 0.081246 0.102637 0.006502 0.069030
0.118501 0.017208 0.243205 0.067465 0.054555 0.129550 0.058277 0.107942 0.158281 0.003903 0.041114
0.044332 0.011603 0.238656 0.042685 0.034311 0.154194 0.062831 0.121279 0.258366 0.002486 0.029259
0.012351 0.006740 0.183317 0.022908 0.020673 0.189474 0.056214 0.101623 0.379145 0.002013 0.025541
0.005589 0.005019 0.149938 0.014059 0.013398 0.202383 0.051408 0.083772 0.449374 0.002067 0.022994
0.004834 0.004896 0.130866 0.010495 0.009635 0.191837 0.050875 0.074320 0.498551 0.002056 0.021636
0.003773 0.004985 0.100631 0.007774 0.006898 0.186737 0.045392 0.066633 0.556522 0.001974 0.018682
0.002869 0.005614 0.059398 0.005420 0.004331 0.198736 0.028227 0.056769 0.623472 0.001661 0.013504
0.002348 0.004578 0.073381 0.005138 0.003159 0.203062 0.025388 0.057797 0.611181 0.001558 0.012410
0.001941 0.003871 0.070352 0.005431 0.002415 0.202008 0.022148 0.058875 0.619182 0.001531 0.012247
0.001654 0.003914 0.052544 0.005960 0.002031 0.191360 0.017079 0.058897 0.653001 0.001574 0.011986
0.001431 0.004691 0.026979 0.006330 0.002005 0.169247 0.011095 0.058285 0.707119 0.001904 0.010914
0.001071 0.004744 0.021301 0.005516 0.002014 0.190564 0.009024 0.057977 0.693075 0.003410 0.011303
0.000829 0.004865 0.022366 0.004620 0.001887 0.217787 0.007152 0.055406 0.668022 0.004853 0.012215
0.000722 0.005230 0.021565 0.003785 0.001611 0.231529 0.005136 0.051597 0.660493 0.005868 0.012464
0.000717 0.005765 0.018955 0.002978 0.001161 0.226002 0.003206 0.048120 0.675303 0.006439 0.011353
0.000819 0.006268 0.014592 0.002497 0.000567 0.203914 0.001853 0.046444 0.707544 0.006716 0.008786
0.001259 0.005575 0.010253 0.003900 0.000575 0.241116 0.001985 0.049075 0.670021 0.006188 0.010053
0.001752 0.004904 0.007310 0.005026 0.000732 0.280598 0.002128 0.052035 0.628267 0.005695 0.011553
0.002255 0.004641 0.005295 0.005287 0.001008 0.306568 0.002079 0.055574 0.599392 0.005088 0.012814
0.002791 0.004736 0.003971 0.004465 0.001423 0.320756 0.001784 0.060566 0.581352 0.004537 0.013619
0.003370 0.005132 0.003107 0.002476 0.001985 0.327188 0.001208 0.067445 0.570076 0.004230 0.013782
0.003481 0.005863 0.002203 0.002764 0.002085 0.376281 0.000718 0.066925 0.519189 0.006112 0.014379
0.003352 0.007511 0.001512 0.002847 0.001956 0.410657 0.000355 0.065621 0.483606 0.008050 0.014534
0.003227 0.009303 0.001015 0.003154 0.001829 0.430333 0.000322 0.054750 0.470960 0.009512 0.015598
0.003067 0.011155 0.000517 0.002490 0.001794 0.436748 0.000215 0.043132 0.474088 0.011133 0.015662
0.002796 0.013008 0.000120 0.001206 0.001782 0.433068 0.000092 0.031506 0.488028 0.013060 0.015334
0.001953 0.014870 0.000056 0.000668 0.001780 0.435966 0.000039 0.020715 0.493844 0.013885 0.016224
0.001111 0.015519 0.000046 0.000092 0.001663 0.456416 0.000007 0.012375 0.483638 0.013756 0.015377
0.217929 0.020906 0.045843 0.066443 0.262670 0.057214 0.053031 0.102487 0.054457 0.005879 0.113141
0.232916 0.023537 0.056909 0.068552 0.247563 0.057370 0.051825 0.088335 0.059691 0.006683 0.106619
0.253323 0.020977 0.085491 0.077456 0.188826 0.074902 0.049329 0.073150 0.071964 0.007391 0.097192
0.267445 0.017442 0.135997 0.093671 0.097397 0.104154 0.045487 0.056050 0.086257 0.007999 0.088101
0.137873 0.015194 0.251401 0.076660 0.074569 0.129954 0.045311 0.071021 0.129596 0.005414 0.063007
0.037433 0.013614 0.384177 0.054018 0.044432 0.157448 0.037476 0.069488 0.159670 0.002632 0.039612
0.020422 0.009240 0.320157 0.034018 0.033772 0.176560 0.038866 0.071535 0.249675 0.002287 0.043470
0.011168 0.005996 0.266950 0.019982 0.023629 0.210172 0.037320 0.074002 0.311031 0.002302 0.037448
0.005600 0.004045 0.230743 0.014121 0.014808 0.234539 0.036373 0.073229 0.356765 0.002472 0.027305
0.004252 0.004229 0.194541 0.011597 0.011819 0.224680 0.032182 0.064974 0.425785 0.002291 0.023649
0.003272 0.004527 0.153656 0.009325 0.008779 0.229045 0.024847 0.059046 0.486143 0.001859 0.019500
0.002441 0.004499 0.115356 0.006246 0.004038 0.255048 0.021703 0.059181 0.517343 0.001349 0.012795
0.001937 0.003856 0.103887 0.006139 0.002621 0.260501 0.018430 0.061295 0.527858 0.001227 0.012250
0.001605 0.003846 0.083092 0.006677 0.002145 0.251481 0.013607 0.062280 0.561452 0.001230 0.012584
0.001302 0.004364 0.054336 0.006628 0.002314 0.233944 0.009664 0.061596 0.611661 0.001659 0.012532
0.001054 0.004833 0.023406 0.005838 0.002427 0.235488 0.009598 0.058173 0.643585 0.002301 0.013297
0.000811 0.004953 0.021982 0.004880 0.002265 0.264623 0.007656 0.054795 0.619824 0.003691 0.014519
0.000698 0.005287 0.021283 0.003972 0.001986 0.281916 0.005467 0.050372 0.609073 0.004762 0.015184
0.000687 0.005795 0.018787 0.003107 0.001535 0.279547 0.003381 0.046321 0.620993 0.005396 0.014451
0.000794 0.006325 0.014619 0.002704 0.000883 0.259572 0.002088 0.044096 0.650703 0.006003 0.012210
0.001158 0.005852 0.010611 0.003894 0.000546 0.275093 0.002018 0.045049 0.638360 0.006375 0.011044
0.001677 0.005103 0.007552 0.005299 0.000677 0.315712 0.002139 0.048249 0.595257 0.005770 0.012565
0.002202 0.004770 0.005443 0.005817 0.000930 0.342434 0.002079 0.051950 0.565460 0.005061 0.013854
0.002756 0.004805 0.004043 0.005238 0.001321 0.357035 0.001781 0.057030 0.546877 0.004418 0.014695
0.003359 0.005170 0.003131 0.003367 0.001871 0.361756 0.001195 0.064240 0.537019 0.003975 0.014917
0.003557 0.006175 0.002407 0.002459 0.002056 0.383189 0.000650 0.067555 0.510724 0.005507 0.015719
0.003406 0.007801 0.001742 0.002920 0.001890 0.420061 0.000394 0.064545 0.473485 0.007395 0.016360
0.003230 0.009555 0.001206 0.003339 0.001747 0.443899 0.000358 0.053867 0.456482 0.008863 0.017453
0.003029 0.011376 0.000668 0.002756 0.001702 0.453857 0.000245 0.042383 0.455991 0.010484 0.017509
0.002726 0.013204 0.000229 0.001528 0.001684 0.453180 0.000114 0.030839 0.466952 0.012403 0.017141
0.002065 0.015000 0.000044 0.000469 0.001653 0.451917 0.000033 0.020033 0.477383 0.014027 0.017375
0.001225 0.015609 0.000039 0.000089 0.001548 0.471891 0.000007 0.011826 0.467406 0.013911 0.016448
0.120469 0.014593 0.043310 0.052127 0.413695 0.045316 0.051298 0.086345 0.050605 0.005196 0.117045
0.124914 0.014968 0.053727 0.054133 0.395492 0.047101 0.049934 0.077634 0.059956 0.006335 0.115804
0.129521 0.013948 0.082510 0.062068 0.345591 0.059442 0.047469 0.066422 0.072634 0.007337 0.113056
0.134137 0.011919 0.144774 0.080457 0.243740 0.088486 0.043854 0.051776 0.084921 0.007617 0.108319
0.140803 0.011758 0.215482 0.089678 0.137862 0.108788 0.039030 0.044992 0.092391 0.007549 0.111667
0.078797 0.011091 0.318176 0.061045 0.109941 0.118855 0.035438 0.054902 0.107523 0.004953 0.099280
0.032068 0.009567 0.424203 0.037540 0.064383 0.131244 0.032793 0.062201 0.121905 0.002825 0.081274
0.015643 0.006663 0.402951 0.024469 0.041086 0.160757 0.032434 0.067183 0.179827 0.002458 0.066530
0.008299 0.004324 0.354798 0.018273 0.029713 0.205343 0.029659 0.067248 0.228870 0.002557 0.050915
0.004593 0.002898 0.324223 0.017756 0.019227 0.255758 0.024573 0.064381 0.250280 0.002609 0.033701
0.003810 0.003162 0.267442 0.015434 0.016325 0.255062 0.023151 0.062600 0.318667 0.001964 0.032383
0.002938 0.003355 0.212105 0.012059 0.011591 0.279965 0.019872 0.063311 0.367135 0.001360 0.026310
0.001965 0.003435 0.157595 0.008269 0.004637 0.332820 0.014476 0.066339 0.393130 0.000811 0.016523
0.001412 0.003397 0.124137 0.007470 0.002392 0.340035 0.010140 0.068041 0.427953 0.000732 0.014291
0.001152 0.004043 0.087269 0.006811 0.003287 0.325259 0.009209 0.064167 0.480551 0.001256 0.016996
0.000944 0.004633 0.053082 0.005852 0.003440 0.322187 0.009004 0.059100 0.521042 0.001884 0.018831
0.000759 0.005021 0.023299 0.005107 0.002843 0.337619 0.008174 0.053565 0.542924 0.002184 0.018504
0.000645 0.005336 0.021161 0.004148 0.002529 0.359198 0.005812 0.048108 0.530229 0.003265 0.019568
0.000634 0.005820 0.018783 0.003222 0.002076 0.360654 0.003508 0.043187 0.538793 0.003985 0.019338
0.000791 0.006378 0.014726 0.003064 0.001354 0.345885 0.002403 0.041163 0.561527 0.004943 0.017766
0.001116 0.006043 0.010878 0.004275 0.000702 0.342274 0.002136 0.041414 0.570705 0.006058 0.014399
0.001570 0.005290 0.007757 0.005891 0.000582 0.367337 0.002153 0.043015 0.546592 0.005823 0.013990
0.002122 0.004877 0.005554 0.006749 0.000803 0.394506 0.002084 0.046857 0.516146 0.004974 0.015329
0.002698 0.004842 0.004076 0.006490 0.001164 0.409416 0.001787 0.051989 0.497106 0.004196 0.016235
0.003318 0.005153 0.003096 0.004917 0.001687 0.414809 0.001206 0.059157 0.486496 0.003612 0.016547
0.003635 0.006532 0.002639 0.002428 0.001988 0.400512 0.000592 0.067406 0.491959 0.004792 0.017517
0.003442 0.008186 0.002060 0.003167 0.001787 0.436544 0.000458 0.063103 0.455759 0.006461 0.019032
0.003205 0.009892 0.001465 0.003705 0.001628 0.465591 0.000414 0.052641 0.433410 0.007933 0.020117
0.002954 0.011676 0.000866 0.003207 0.001572 0.480003 0.000290 0.041303 0.428459 0.009548 0.020123
0.002612 0.013473 0.000365 0.002033 0.001549 0.483113 0.000144 0.029843 0.435747 0.011453 0.019668
0.002101 0.015225 0.000060 0.000524 0.001494 0.478084 0.000034 0.018978 0.450368 0.013788 0.019342
0.001384 0.015729 0.000031 0.000087 0.001395 0.493099 0.000006 0.010907 0.445256 0.014124 0.017981
0.024693 0.007280 0.024418 0.019752 0.630211 0.019001 0.054609 0.074506 0.033360 0.002775 0.109396
0.031414 0.007911 0.032589 0.021841 0.598671 0.022719 0.053373 0.072754 0.043289 0.003819 0.111621
0.038671 0.008941 0.043630 0.023922 0.556416 0.028019 0.051680 0.071182 0.056273 0.005142 0.116122
0.049785 0.010884 0.073917 0.031051 0.482370 0.038977 0.048207 0.068725 0.065668 0.006199 0.124216
0.064921 0.010982 0.147325 0.046670 0.357012 0.058036 0.041435 0.063493 0.066056 0.006267 0.137802
0.068316 0.009241 0.233004 0.058621 0.232539 0.075049 0.032569 0.060105 0.065340 0.005895 0.159322
0.035034 0.007738 0.336496 0.040270 0.168561 0.092343 0.030148 0.063755 0.082603 0.003959 0.139094
0.014167 0.005978 0.438171 0.024224 0.097744 0.109811 0.029567 0.064484 0.101282 0.002560 0.112011
0.008851 0.004539 0.456268 0.020415 0.050007 0.141899 0.028589 0.062429 0.130790 0.002424 0.093789
0.006345 0.003455 0.406505 0.021218 0.039568 0.194736 0.025906 0.062232 0.158147 0.002484 0.079404
0.004576 0.002272 0.374623 0.022148 0.029772 0.253035 0.022490 0.065191 0.164970 0.001946 0.058978
0.003550 0.002203 0.316770 0.019515 0.023460 0.291583 0.018647 0.068112 0.207991 0.001176 0.046994
0.002561 0.002461 0.247512 0.015005 0.015951 0.342277 0.013752 0.070194 0.252638 0.000619 0.037029
0.001520 0.002933 0.179308 0.010058 0.007594 0.410874 0.009466 0.070298 0.280905 0.000267 0.026777
0.000996 0.003923 0.124299 0.006839 0.004984 0.435348 0.008693 0.065508 0.323512 0.000708 0.025189
0.000827 0.004599 0.088031 0.005658 0.004936 0.424432 0.008241 0.059173 0.374826 0.001411 0.027864
0.000675 0.005067 0.056081 0.004721 0.004205 0.432514 0.007231 0.052513 0.406910 0.001781 0.028302
0.000558 0.005383 0.025065 0.004165 0.003320 0.467314 0.005898 0.044384 0.415570 0.001583 0.026762
0.000560 0.005864 0.019054 0.003324 0.002790 0.477062 0.003566 0.038216 0.420520 0.002277 0.026766
0.000866 0.006419 0.014822 0.003800 0.001902 0.463940 0.002754 0.039402 0.437205 0.003701 0.025188
0.001228 0.006305 0.011010 0.005069 0.001164 0.450252 0.002344 0.040128 0.456078 0.004848 0.021574
0.001522 0.005549 0.007858 0.006875 0.000592 0.445859 0.002187 0.038182 0.468493 0.005464 0.017419
0.002005 0.004899 0.005556 0.008288 0.000607 0.465784 0.002103 0.040093 0.448591 0.004768 0.017307
0.002607 0.004800 0.004010 0.008421 0.000933 0.481076 0.001812 0.045172 0.429037 0.003800 0.018332
0.003233 0.005085 0.002998 0.007205 0.001406 0.485842 0.001249 0.052153 0.418872 0.003173 0.018784
0.003552 0.006471 0.002582 0.004753 0.001674 0.467973 0.000669 0.060493 0.428205 0.004570 0.019058
0.003425 0.008654 0.002466 0.003722 0.001636 0.463671 0.000555 0.061300 0.426655 0.005204 0.022711
0.003121 0.010309 0.001786 0.004357 0.001463 0.498545 0.000494 0.051033 0.398513 0.006670 0.023708
0.002818 0.012051 0.001103 0.003921 0.001401 0.517973 0.000350 0.039820 0.388708 0.008270 0.023587
0.002434 0.013815 0.000518 0.002779 0.001377 0.525370 0.000182 0.028419 0.391985 0.010150 0.022971
0.001893 0.015541 0.000128 0.001275 0.001326 0.523974 0.000047 0.017554 0.403356 0.012454 0.022452
0.001592 0.015871 0.000023 0.000087 0.001209 0.520378 0.000005 0.009458 0.416938 0.014397 0.020042
0.009651 0.008304 0.010662 0.010026 0.703096 0.012183 0.055167 0.071129 0.030039 0.002509 0.087235
0.010332 0.007194 0.012959 0.008068 0.694293 0.011982 0.055630 0.076920 0.029296 0.003027 0.090300
0.012903 0.009540 0.022869 0.009478 0.657711 0.016650 0.054175 0.076622 0.036518 0.003760 0.099774
0.013951 0.012893 0.034709 0.010276 0.615401 0.021933 0.052663 0.076334 0.044190 0.004444 0.113206
0.013127 0.016212 0.058651 0.011616 0.559574 0.029096 0.050226 0.075452 0.050364 0.004747 0.130936
0.011556 0.012987 0.150207 0.018983 0.438569 0.046025 0.040534 0.071687 0.051083 0.003902 0.154466
0.011036 0.008794 0.243809 0.025966 0.310768 0.066266 0.029837 0.064136 0.053024 0.003335 0.183029
0.010367 0.006428 0.325443 0.025087 0.214510 0.087382 0.028025 0.058048 0.066199 0.003109 0.175402
0.008629 0.005402 0.403735 0.022980 0.130438 0.105047 0.028773 0.055826 0.079285 0.003194 0.156690
0.006912 0.004650 0.457558 0.023032 0.061068 0.128561 0.027945 0.055174 0.090268 0.003483 0.141351
0.005083 0.003566 0.419451 0.023067 0.050584 0.192726 0.024389 0.059245 0.101368 0.002909 0.117614
0.004108 0.002246 0.387255 0.023757 0.040174 0.265580 0.019725 0.065161 0.103007 0.001594 0.087392
0.003329 0.001580 0.332791 0.021911 0.028858 0.336769 0.014590 0.066437 0.127312 0.000573 0.065849
0.002382 0.002450 0.248598 0.015543 0.019636 0.403702 0.011548 0.061517 0.173119 0.000570 0.060935
0.001404 0.003673 0.178883 0.009486 0.011853 0.479941 0.009044 0.060227 0.194490 0.000636 0.050364
0.000703 0.004831 0.128334 0.005066 0.006724 0.532123 0.007194 0.058499 0.214168 0.001049 0.041307
0.000579 0.005338 0.095368 0.003908 0.005652 0.530585 0.005923 0.051123 0.257767 0.001559 0.042197
0.000488 0.005693 0.063107 0.003154 0.004506 0.556215 0.004394 0.042347 0.277505 0.001494 0.041098
0.000589 0.006288 0.027669 0.003596 0.003460 0.606528 0.003666 0.036077 0.273326 0.001056 0.037744
0.001010 0.006856 0.014783 0.004678 0.002464 0.601122 0.003026 0.038811 0.290800 0.002126 0.034323
0.001425 0.006981 0.011011 0.005996 0.001640 0.573570 0.002497 0.039911 0.323456 0.003374 0.030139
0.001768 0.006450 0.007874 0.007825 0.000988 0.556228 0.002230 0.038345 0.348719 0.004111 0.025463
0.001985 0.005189 0.005413 0.010216 0.000496 0.559540 0.002115 0.034209 0.355428 0.004132 0.021277
0.002471 0.004614 0.003785 0.011305 0.000602 0.575225 0.001876 0.036224 0.339664 0.003128 0.021107
0.003080 0.004923 0.002841 0.010312 0.001001 0.575458 0.001343 0.042914 0.333920 0.002858 0.021352
0.003310 0.006191 0.002651 0.008117 0.001241 0.553552 0.001033 0.049011 0.349242 0.004134 0.021518
0.003207 0.008300 0.002578 0.006400 0.001301 0.538074 0.000877 0.051434 0.358502 0.004674 0.024652
0.002946 0.010797 0.002154 0.005413 0.001248 0.546589 0.000601 0.048983 0.347925 0.005013 0.028329
0.002594 0.012498 0.001358 0.004987 0.001187 0.571111 0.000425 0.037828 0.333468 0.006582 0.027962
0.002173 0.014230 0.000663 0.003829 0.001170 0.582891 0.000224 0.026426 0.332897 0.008424 0.027073
0.001604 0.015932 0.000164 0.002285 0.001131 0.585226 0.000053 0.015506 0.341159 0.010683 0.026258
0.001520 0.015943 0.000027 0.000862 0.001035 0.575332 0.000010 0.007710 0.361688 0.012978 0.022897
0.006422 0.012871 0.010168 0.006317 0.734194 0.016185 0.054468 0.059470 0.033773 0.001999 0.064134
0.006185 0.010051 0.009446 0.004883 0.727842 0.015698 0.055682 0.067917 0.029066 0.002675 0.070556
0.005823 0.005755 0.008394 0.003012 0.718265 0.015562 0.057448 0.079428 0.022231 0.003794 0.080288
0.004854 0.009790 0.017813 0.003585 0.679709 0.021523 0.056151 0.078990 0.026993 0.004447 0.096145
0.003711 0.015195 0.028904 0.004443 0.630636 0.030370 0.054490 0.077682 0.032815 0.005068 0.116686
0.002529 0.021476 0.040484 0.005444 0.572230 0.042386 0.052776 0.076089 0.038953 0.005644 0.141991
0.004991 0.016213 0.122262 0.012268 0.453147 0.062466 0.043355 0.066319 0.041734 0.005142 0.172104
0.007090 0.009954 0.195535 0.017036 0.343348 0.083439 0.034317 0.054278 0.042981 0.004271 0.207750
0.007134 0.006077 0.266609 0.017969 0.251002 0.102783 0.030149 0.047355 0.047130 0.003810 0.219983
0.005982 0.006208 0.348392 0.018572 0.162945 0.115834 0.029509 0.047280 0.055870 0.004352 0.205055
0.004953 0.005608 0.433865 0.020936 0.077391 0.129670 0.028270 0.044772 0.062094 0.005123 0.187318
0.004645 0.003951 0.401755 0.021529 0.061304 0.205158 0.023005 0.048169 0.067603 0.003613 0.159267
0.004430 0.002337 0.362107 0.021729 0.046170 0.291097 0.017070 0.048582 0.071987 0.001940 0.132550
0.003315 0.001684 0.316769 0.020844 0.030758 0.379778 0.012302 0.046968 0.081798 0.000885 0.104899
0.002298 0.003011 0.245480 0.014372 0.022302 0.452527 0.009352 0.046898 0.109719 0.000900 0.093140
0.001315 0.004483 0.187363 0.008149 0.014358 0.534268 0.006655 0.048589 0.116040 0.001164 0.077615
0.000464 0.005897 0.142643 0.002460 0.006759 0.618243 0.004072 0.050190 0.106773 0.001778 0.060721
0.000426 0.006459 0.108677 0.001882 0.005250 0.630032 0.002573 0.042516 0.141610 0.001828 0.058749
0.000678 0.007845 0.068557 0.003424 0.003973 0.652970 0.002821 0.040933 0.165254 0.001407 0.052137
0.001176 0.008217 0.029112 0.005226 0.002950 0.702641 0.002891 0.040621 0.160378 0.001067 0.045719
0.001753 0.008275 0.010766 0.007016 0.002089 0.704647 0.002582 0.041443 0.180064 0.001691 0.039673
0.002161 0.007997 0.007624 0.008879 0.001358 0.672121 0.002228 0.040032 0.220754 0.002599 0.034249
0.002440 0.006977 0.005142 0.011294 0.000791 0.661256 0.002031 0.036058 0.241856 0.002789 0.029366
0.002540 0.005129 0.003382 0.014310 0.000378 0.681072 0.001902 0.029641 0.233713 0.002070 0.025863
0.002891 0.004462 0.002601 0.014356 0.000510 0.685870 0.001503 0.031113 0.230444 0.002489 0.023762
0.002929 0.005584 0.002752 0.011669 0.000794 0.651866 0.001569 0.035854 0.259753 0.003757 0.023473
0.002861 0.007464 0.002626 0.009537 0.000929 0.629557 0.001337 0.039099 0.276649 0.004414 0.025526
0.002642 0.010138 0.002258 0.007800 0.000960 0.625186 0.000923 0.039919 0.276161 0.004390 0.029624
0.002255 0.013014 0.001601 0.006490 0.000935 0.643185 0.000511 0.035170 0.259175 0.004401 0.033264
0.001807 0.014720 0.000764 0.005240 0.000937 0.658959 0.000261 0.023669 0.255500 0.006188 0.031956
0.001220 0.016401 0.000129 0.003588 0.000919 0.664712 0.000042 0.012605 0.261288 0.008384 0.030711
0.001306 0.016006 0.000015 0.002084 0.000863 0.649848 0.000017 0.005465 0.287473 0.010607 0.026316
0.003823 0.023086 0.011072 0.004317 0.747011 0.018170 0.051287 0.058992 0.034096 0.002021 0.046123
0.003616 0.020020 0.010473 0.003782 0.740248 0.019324 0.052399 0.063917 0.030386 0.002930 0.052906
0.003289 0.015377 0.009681 0.003130 0.729703 0.021445 0.054151 0.070550 0.025066 0.004354 0.063254
0.002822 0.009105 0.008849 0.002546 0.714794 0.025014 0.056676 0.077950 0.018473 0.006368 0.077403
0.002156 0.010832 0.015150 0.003065 0.672732 0.033987 0.056658 0.079033 0.020816 0.007369 0.098202
0.001534 0.017053 0.024699 0.004043 0.612133 0.047149 0.055468 0.077351 0.028035 0.007834 0.124701
0.001468 0.024278 0.035112 0.005050 0.542872 0.061165 0.053312 0.075644 0.037077 0.008078 0.155945
0.003417 0.020575 0.089228 0.007919 0.450080 0.077734 0.044834 0.066223 0.038172 0.006886 0.194932
0.005419 0.015538 0.139953 0.009367 0.359724 0.094770 0.035991 0.055783 0.035194 0.005303 0.242959
0.006486 0.012545 0.192865 0.009787 0.273611 0.111246 0.029834 0.048589 0.033164 0.004262 0.277610
0.006625 0.009687 0.282837 0.014148 0.181847 0.128036 0.027147 0.042770 0.037335 0.004500 0.265067
0.007145 0.005775 0.374782 0.016927 0.103102 0.143293 0.023657 0.033939 0.037927 0.004477 0.248975
0.006901 0.003455 0.378262 0.017512 0.071345 0.207278 0.018257 0.031925 0.041964 0.003230 0.219871
0.005501 0.002528 0.343154 0.017795 0.053796 0.300379 0.012998 0.031939 0.046280 0.001887 0.183741
0.003285 0.002447 0.306974 0.018307 0.033917 0.403304 0.008696 0.030527 0.046693 0.000952 0.144896
0.002120 0.003919 0.250237 0.012483 0.024361 0.485778 0.005678 0.033297 0.055312 0.001081 0.125734
0.001244 0.005496 0.200234 0.006618 0.015788 0.572623 0.002849 0.037757 0.050305 0.001597 0.105490
0.000543 0.008747 0.154475 0.002628 0.006842 0.645779 0.001911 0.045621 0.053029 0.001998 0.078426
0.000613 0.010495 0.111232 0.003136 0.004319 0.672405 0.002062 0.044560 0.082205 0.001681 0.067292
0.001098 0.011010 0.069025 0.004828 0.003239 0.711538 0.002218 0.042798 0.092811 0.001292 0.060142
0.001898 0.010865 0.030199 0.007201 0.002375 0.763848 0.002279 0.043071 0.085444 0.000942 0.051878
0.002770 0.010449 0.006957 0.009994 0.001655 0.783131 0.002181 0.043811 0.094876 0.001054 0.043122
0.003123 0.009670 0.004466 0.012434 0.001019 0.755523 0.001931 0.039813 0.133260 0.001470 0.037291
0.003292 0.008052 0.002687 0.015462 0.000541 0.759538 0.001749 0.033412 0.141397 0.000972 0.032899
0.002628 0.005011 0.002771 0.016390 0.000293 0.771215 0.002125 0.023584 0.146046 0.002205 0.027732
0.002401 0.004502 0.002858 0.015116 0.000369 0.759268 0.002260 0.021999 0.163397 0.003570 0.024260
0.002389 0.006146 0.002661 0.012611 0.000572 0.728244 0.001905 0.026293 0.189534 0.004354 0.025292
0.002224 0.008595 0.002230 0.010529 0.000664 0.715375 0.001376 0.028147 0.197963 0.004456 0.028441
0.001863 0.011884 0.001597 0.008721 0.000686 0.726549 0.000780 0.026686 0.183993 0.003811 0.033430
0.001319 0.015287 0.000771 0.007047 0.000690 0.757032 0.000280 0.019875 0.156834 0.003332 0.037534
0.000887 0.016580 0.000073 0.005256 0.000709 0.759964 0.000044 0.009066 0.166933 0.005389 0.035099
0.000963 0.015502 0.000012 0.003210 0.000785 0.738338 0.000027 0.004833 0.198909 0.007374 0.030046
0.003003 0.033405 0.007828 0.001727 0.764550 0.013823 0.045268 0.068443 0.033520 0.000526 0.027908
0.002966 0.030267 0.007586 0.001852 0.756710 0.015699 0.046677 0.070464 0.031567 0.001530 0.034682
0.002934 0.025533 0.007335 0.002088 0.744619 0.018584 0.048838 0.073162 0.028967 0.003068 0.044872
0.002944 0.019194 0.007210 0.002501 0.727816 0.022530 0.051788 0.076112 0.026147 0.005176 0.058582
0.003048 0.011363 0.007380 0.003189 0.705793 0.027501 0.055504 0.078704 0.023732 0.007870 0.075917
0.003095 0.010730 0.012556 0.004081 0.662021 0.036118 0.056070 0.078948 0.026766 0.009357 0.100259
0.002871 0.018366 0.022834 0.004783 0.596877 0.048657 0.052578 0.077741 0.034477 0.009191 0.131625
0.002407 0.026007 0.034019 0.005269 0.522597 0.063588 0.047742 0.075219 0.042591 0.008533 0.172029
0.003835 0.024436 0.065585 0.006474 0.433446 0.081794 0.039945 0.066328 0.040648 0.006913 0.230595
0.006389 0.019565 0.097558 0.008082 0.342292 0.101788 0.031357 0.056500 0.031634 0.005191 0.299643
0.008852 0.015118 0.126049 0.009797 0.255426 0.122960 0.023186 0.047602 0.021341 0.003746 0.365923
0.009043 0.010037 0.224883 0.012047 0.181556 0.136597 0.020041 0.037488 0.022174 0.003646 0.342487
0.009579 0.005183 0.331476 0.012769 0.120737 0.143430 0.016297 0.026025 0.020470 0.003273 0.310762
0.009139 0.002596 0.378170 0.012608 0.085275 0.187078 0.011731 0.019901 0.020905 0.002360 0.270237
0.006727 0.002588 0.343588 0.013079 0.064654 0.290006 0.007353 0.019919 0.022606 0.001355 0.228126
0.003778 0.003569 0.299330 0.014812 0.040458 0.406916 0.004263 0.020293 0.021455 0.000739 0.184386
0.002288 0.006374 0.248168 0.012372 0.023777 0.500751 0.002907 0.026582 0.026253 0.000962 0.149565
0.001575 0.009835 0.197341 0.007888 0.014091 0.574997 0.002315 0.035045 0.033380 0.001366 0.122166
0.000810 0.013181 0.151083 0.004311 0.006620 0.647843 0.001726 0.041568 0.037134 0.001613 0.094112
0.000758 0.014814 0.106463 0.003819 0.003321 0.703474 0.001547 0.042110 0.045421 0.001457 0.076815
0.001542 0.014703 0.064667 0.005998 0.002419 0.751066 0.001653 0.040888 0.047703 0.001076 0.068287
0.002702 0.014216 0.028656 0.009250 0.001704 0.799069 0.001747 0.042481 0.042138 0.000694 0.057341
0.004116 0.013545 0.003229 0.013571 0.001138 0.828699 0.001844 0.045986 0.043386 0.000375 0.044111
0.003515 0.010322 0.002693 0.015214 0.000692 0.812856 0.002005 0.036232 0.076025 0.000855 0.039592
0.002581 0.006790 0.002955 0.015776 0.000436 0.814056 0.002424 0.025488 0.092757 0.001987 0.034749
0.002013 0.004597 0.002944 0.016166 0.000259 0.827465 0.002699 0.016770 0.095494 0.003361 0.028232
0.001783 0.004184 0.002666 0.015427 0.000251 0.829027 0.002558 0.013897 0.102117 0.004616 0.023475
0.001694 0.006411 0.002155 0.013059 0.000393 0.805962 0.001867 0.016986 0.120846 0.004851 0.025776
0.001407 0.009486 0.001450 0.010981 0.000461 0.807261 0.001121 0.016731 0.116799 0.004338 0.029966
0.000879 0.013441 0.000583 0.009054 0.000492 0.838491 0.000421 0.012304 0.085538 0.003014 0.035782
0.000517 0.016623 0.000010 0.007045 0.000517 0.866572 0.000056 0.005529 0.061766 0.001850 0.039516
0.000625 0.015390 0.000009 0.004235 0.000624 0.823980 0.000038 0.004141 0.113159 0.004294 0.033505
0.003548 0.034481 0.001451 0.002774 0.788797 0.010599 0.042818 0.065519 0.030271 0.000070 0.019672
0.003646 0.035355 0.001461 0.001910 0.781493 0.011556 0.044187 0.073065 0.028374 0.000081 0.018871
0.003785 0.034387 0.001780 0.001271 0.769428 0.013410 0.046364 0.080146 0.026625 0.000644 0.022159
0.004003 0.028014 0.002768 0.002171 0.750133 0.016835 0.049117 0.079946 0.027049 0.002698 0.037267
0.004313 0.020601 0.004006 0.003382 0.724618 0.021029 0.052184 0.079690 0.028072 0.005259 0.056845
0.004724 0.012632 0.005468 0.004949 0.692139 0.025897 0.055386 0.079382 0.029965 0.008287 0.081171
0.004781 0.009793 0.010162 0.006246 0.642816 0.034257 0.055543 0.078061 0.034047 0.010170 0.114125
0.004044 0.016253 0.020538 0.006365 0.568425 0.049814 0.049289 0.073985 0.040383 0.009158 0.161747
0.003369 0.022284 0.030665 0.006280 0.484844 0.068137 0.041766 0.068306 0.046294 0.007860 0.220195
0.004615 0.022344 0.047741 0.007028 0.395951 0.088942 0.033472 0.060819 0.042554 0.006403 0.290131
0.007453 0.017774 0.064107 0.008572 0.310752 0.111760 0.024747 0.052879 0.029754 0.004945 0.367255
0.010286 0.013008 0.070272 0.009956 0.230219 0.137127 0.015012 0.044633 0.015764 0.003377 0.450346
0.010755 0.007549 0.173740 0.010222 0.173239 0.143228 0.011173 0.032605 0.012877 0.002804 0.421809
0.011137 0.003379 0.290788 0.008912 0.128975 0.142641 0.008832 0.020415 0.010571 0.002078 0.372272
0.010602 0.001911 0.369532 0.007811 0.097812 0.167952 0.005055 0.012407 0.009031 0.001186 0.316700
0.008185 0.003947 0.320448 0.010581 0.068717 0.285784 0.003881 0.015167 0.011949 0.000893 0.270449
0.005236 0.007346 0.278106 0.012959 0.039499 0.402750 0.003324 0.018093 0.014328 0.000787 0.217572
0.002595 0.011170 0.236664 0.012293 0.019221 0.503500 0.002684 0.022535 0.017645 0.000890 0.170803
0.001778 0.014415 0.186750 0.008204 0.011521 0.579158 0.002028 0.029294 0.022173 0.001151 0.143527
0.001017 0.017436 0.138686 0.004896 0.005664 0.658303 0.001381 0.033508 0.023650 0.001276 0.114182
0.000793 0.019320 0.092055 0.003575 0.002242 0.733464 0.000949 0.034186 0.023631 0.001181 0.088602
0.001938 0.018771 0.053126 0.006592 0.001510 0.780643 0.001064 0.034373 0.023552 0.000783 0.077648
0.003027 0.016943 0.024890 0.010740 0.001026 0.816804 0.001330 0.036187 0.025402 0.000522 0.063129
0.003143 0.011603 0.004895 0.014123 0.000789 0.849065 0.002144 0.036529 0.027736 0.000774 0.049198
0.002297 0.007940 0.003174 0.014905 0.000531 0.849452 0.002539 0.026815 0.047879 0.001696 0.042772
0.001692 0.005714 0.003031 0.015265 0.000343 0.856551 0.002739 0.017948 0.057439 0.002919 0.036359
0.001310 0.004191 0.002637 0.015494 0.000213 0.873606 0.002723 0.011141 0.055841 0.004353 0.028491
0.001058 0.003415 0.002006 0.015233 0.000157 0.890231 0.002344 0.007542 0.051073 0.005714 0.021226
0.000865 0.006285 0.001214 0.012954 0.000258 0.880250 0.001404 0.008654 0.058038 0.005334 0.024744
0.000428 0.010042 0.000268 0.010833 0.000321 0.900576 0.000524 0.005555 0.037393 0.004143 0.029916
0.000335 0.013237 0.000054 0.007639 0.000351 0.903966 0.000211 0.004340 0.033253 0.002854 0.033760
0.000309 0.015811 0.000006 0.005078 0.000356 0.901812 0.000049 0.003407 0.035198 0.001602 0.036372
0.003397 0.022090 0.001033 0.007132 0.808420 0.008848 0.041625 0.049339 0.033124 0.000127 0.024865
0.003477 0.023151 0.001075 0.005973 0.802792 0.009686 0.042928 0.055576 0.031277 0.000146 0.023917
0.003596 0.024742 0.001138 0.004166 0.794510 0.010943 0.044892 0.064924 0.028457 0.000176 0.022456
0.003754 0.026837 0.001219 0.001630 0.783841 0.012611 0.047509 0.077332 0.024608 0.000221 0.020439
0.004079 0.022933 0.002106 0.002235 0.759116 0.015608 0.049627 0.079970 0.025756 0.002171 0.036399
0.004483 0.017092 0.003345 0.004095 0.724452 0.019425 0.051897 0.079681 0.029062 0.005011 0.061457
0.004905 0.011254 0.004709 0.006365 0.681521 0.023809 0.054700 0.079372 0.033274 0.008273 0.091817
0.005069 0.008065 0.007744 0.008415 0.624969 0.031130 0.055853 0.078043 0.038223 0.010887 0.131602
0.004480 0.013200 0.016684 0.008000 0.541624 0.049568 0.047425 0.071995 0.042471 0.009572 0.194980
0.004232 0.017521 0.024738 0.007347 0.447576 0.071026 0.037925 0.064575 0.046008 0.008095 0.270957
0.006225 0.017420 0.032547 0.007227 0.353783 0.094252 0.028395 0.057007 0.042067 0.006447 0.354631
0.009477 0.012099 0.038771 0.008156 0.275800 0.117607 0.020285 0.048449 0.027541 0.004870 0.436945
0.012328 0.006597 0.038309 0.008512 0.202248 0.141308 0.012657 0.037597 0.012342 0.003295 0.524808
0.012960 0.003104 0.118542 0.007712 0.154551 0.149751 0.008760 0.026173 0.006517 0.002375 0.509553
0.013091 0.003246 0.230324 0.007455 0.119922 0.151913 0.006371 0.017509 0.006404 0.001694 0.442069
0.013932 0.004210 0.322982 0.006821 0.091890 0.162188 0.004487 0.010471 0.006815 0.001019 0.375184
0.011042 0.007654 0.283665 0.009249 0.062152 0.276785 0.003753 0.013418 0.009253 0.000880 0.322150
0.007108 0.011762 0.250459 0.010915 0.035494 0.392138 0.002999 0.015297 0.010638 0.000816 0.262374
0.002541 0.016090 0.221902 0.011208 0.014477 0.502894 0.002273 0.016146 0.011450 0.000842 0.200179
0.001729 0.019021 0.170964 0.007490 0.008553 0.584038 0.001567 0.020683 0.013370 0.000969 0.171618
0.001072 0.021602 0.119707 0.004475 0.004152 0.672704 0.000879 0.022206 0.012627 0.000985 0.139591
0.000616 0.023517 0.073362 0.003408 0.001303 0.763208 0.000231 0.022253 0.011391 0.000952 0.099760
0.001528 0.020076 0.043858 0.007536 0.001031 0.791589 0.000758 0.026054 0.015315 0.000847 0.091408
0.001873 0.015141 0.021948 0.010787 0.000817 0.822271 0.001528 0.027268 0.018474 0.001024 0.078867
0.001715 0.009780 0.007188 0.013163 0.000587 0.859552 0.002289 0.025159 0.020316 0.001464 0.058785
0.001227 0.006663 0.003127 0.014038 0.000386 0.877498 0.002628 0.018316 0.028365 0.002408 0.045343
0.000859 0.005317 0.002602 0.014239 0.000254 0.889705 0.002572 0.011386 0.031848 0.003707 0.037510
0.000577 0.004067 0.001845 0.014349 0.000160 0.909663 0.002230 0.006551 0.026942 0.005187 0.028427
0.000267 0.002403 0.000864 0.014398 0.000087 0.935362 0.001534 0.003873 0.016132 0.006817 0.018263
0.000202 0.005628 0.000186 0.011205 0.000163 0.933312 0.000643 0.003686 0.017253 0.006365 0.021357
0.000214 0.008856 0.000094 0.007775 0.000216 0.927690 0.000384 0.003414 0.020901 0.005214 0.025241
0.000198 0.011943 0.000036 0.005214 0.000229 0.925894 0.000186 0.002713 0.020982 0.003728 0.028877
0.002390 0.010409 0.000730 0.013438 0.830188 0.005383 0.034334 0.035749 0.036939 0.000146 0.030294
0.002488 0.011382 0.000767 0.012083 0.826377 0.006101 0.035403 0.040990 0.035081 0.000172 0.029156
0.002640 0.012798 0.000824 0.009988 0.820845 0.007177 0.036987 0.048886 0.032233 0.000213 0.027410
0.002875 0.014570 0.000916 0.007052 0.813809 0.008587 0.039069 0.059412 0.028407 0.000273 0.025029
0.003304 0.016385 0.001118 0.003220 0.805685 0.010142 0.041492 0.072310 0.023931 0.000364 0.022049
0.003809 0.015334 0.001853 0.001841 0.782803 0.012479 0.043885 0.079829 0.023386 0.001749 0.033032
0.004285 0.011454 0.003326 0.003927 0.737588 0.016251 0.046773 0.079340 0.028174 0.004886 0.063995
0.004725 0.008128 0.005124 0.006062 0.684236 0.020871 0.050544 0.078835 0.033030 0.008438 0.100006
0.005125 0.005980 0.007577 0.007951 0.621166 0.027173 0.054486 0.078038 0.037614 0.012010 0.142880
0.006073 0.009140 0.013503 0.007260 0.526652 0.047243 0.044763 0.072096 0.040071 0.010310 0.222888
0.007770 0.011366 0.017884 0.006829 0.420225 0.069028 0.034442 0.065958 0.042238 0.008283 0.315976
0.010254 0.011214 0.020841 0.006819 0.312924 0.091824 0.024542 0.058892 0.040297 0.006155 0.416239
0.012485 0.007983 0.025445 0.007574 0.243612 0.110233 0.017058 0.046430 0.024426 0.004568 0.500185
0.014696 0.005331 0.031633 0.008365 0.172136 0.124733 0.011053 0.033615 0.010111 0.003305 0.585023
0.015747 0.004485 0.087197 0.008550 0.121917 0.134876 0.007481 0.023278 0.004175 0.002408 0.589886
0.016168 0.005708 0.176533 0.007907 0.096565 0.148893 0.005609 0.016452 0.004932 0.001656 0.519577
0.017323 0.008252 0.249969 0.006959 0.075558 0.169668 0.004154 0.011424 0.005810 0.000967 0.449917
0.014628 0.012274 0.242510 0.007908 0.051069 0.261941 0.003186 0.011798 0.007016 0.000754 0.386915
0.009482 0.016646 0.217905 0.008788 0.028477 0.376228 0.002356 0.011779 0.007648 0.000740 0.319951
0.003143 0.020592 0.201012 0.008462 0.011285 0.488759 0.001673 0.009931 0.007608 0.000832 0.246703
0.001607 0.023028 0.155985 0.005947 0.005788 0.579416 0.000944 0.012478 0.007702 0.000882 0.206222
0.001142 0.023972 0.105592 0.005251 0.003177 0.665883 0.000422 0.016088 0.007733 0.000898 0.169842
0.000929 0.023983 0.059654 0.005873 0.001435 0.744643 0.000177 0.020262 0.008047 0.000862 0.134135
0.001194 0.020335 0.032846 0.008201 0.000912 0.787370 0.000709 0.021703 0.010709 0.000946 0.115076
0.001183 0.015149 0.016938 0.010353 0.000702 0.823766 0.001466 0.019915 0.013188 0.001325 0.096015
0.000830 0.010100 0.006744 0.011856 0.000469 0.865327 0.002096 0.016045 0.014559 0.001983 0.069991
0.000393 0.006891 0.002549 0.012584 0.000269 0.897831 0.002328 0.010594 0.016365 0.003006 0.047191
0.000164 0.005976 0.001663 0.012671 0.000180 0.914204 0.001974 0.005665 0.015049 0.004365 0.038089
0.000103 0.004822 0.000647 0.012224 0.000117 0.933415 0.001236 0.003184 0.010330 0.006394 0.027528
0.000101 0.002599 0.000236 0.010415 0.000074 0.950356 0.000791 0.003037 0.007978 0.008448 0.015964
0.000117 0.004202 0.000116 0.007495 0.000110 0.949389 0.000534 0.002902 0.011017 0.008080 0.016037
0.000118 0.007487 0.000055 0.004999 0.000141 0.945066 0.000314 0.002329 0.012752 0.006608 0.020132
0.001429 0.004154 0.000392 0.017804 0.841184 0.002248 0.027739 0.023550 0.045140 0.000100 0.036260
0.001620 0.004618 0.000485 0.016498 0.839091 0.002667 0.028316 0.027975 0.043545 0.000140 0.035044
0.001908 0.005258 0.000626 0.014508 0.836121 0.003275 0.029129 0.034677 0.041102 0.000202 0.033193
0.002296 0.006001 0.000815 0.011802 0.832514 0.004039 0.030104 0.043705 0.037751 0.000291 0.030682
0.002773 0.006738 0.001045 0.008376 0.828676 0.004905 0.031120 0.054976 0.033457 0.000408 0.027526
0.003313 0.007347 0.001297 0.004248 0.825146 0.005804 0.032022 0.068290 0.028193 0.000558 0.023782
0.003814 0.007297 0.001883 0.000944 0.811987 0.007405 0.033415 0.079771 0.024265 0.001412 0.027806
0.004096 0.005899 0.003882 0.002506 0.758386 0.011903 0.038009 0.079609 0.028026 0.004828 0.062855
0.004374 0.004892 0.006312 0.003972 0.697157 0.016952 0.043924 0.079629 0.031760 0.008622 0.102407
0.004933 0.004442 0.009315 0.005155 0.628495 0.022865 0.050983 0.079221 0.035413 0.012541 0.146639
0.007129 0.006541 0.012315 0.005417 0.524830 0.041400 0.040927 0.073101 0.036782 0.010449 0.241110
0.009637 0.008603 0.014167 0.006186 0.410382 0.060314 0.028718 0.065341 0.036470 0.007610 0.352572
0.012285 0.009993 0.015270 0.007462 0.291287 0.077682 0.016844 0.055858 0.033517 0.004648 0.475153
0.014425 0.007545 0.022429 0.008091 0.218686 0.090139 0.012478 0.042630 0.020072 0.003646 0.559859
0.016822 0.005629 0.029480 0.008767 0.144644 0.099384 0.008594 0.029723 0.008545 0.002847 0.645565
0.018753 0.005296 0.059133 0.009013 0.087399 0.110495 0.005494 0.019464 0.002415 0.002146 0.680391
0.019512 0.008231 0.129176 0.008078 0.068785 0.135152 0.004068 0.014753 0.003541 0.001403 0.607302
0.020932 0.011802 0.187054 0.006607 0.053165 0.164641 0.003222 0.011860 0.004712 0.000782 0.535223
0.019194 0.015107 0.201213 0.005872 0.035357 0.236944 0.002411 0.010775 0.005173 0.000530 0.467425
0.012825 0.018715 0.185979 0.005583 0.019326 0.349216 0.001411 0.009489 0.005062 0.000585 0.391809
